2020159339026
9128032453647
2020159340343
2020159321274
70064959860046
40075697
7000037536100000
40076654
70064959860034
2200001606180
70066182970001
70065082460021
7779008505222
2300043750633
40608647
70066223690057
39908589
3000000290651
544910
2020153123560
7779005749957
2300038738820
3300008525565
9178052448826
2020159338838
70066097310002
2500111362823
70062892550009
7000037535160000
9101002527326
7000037823800000
2000001219591
2300043527846
543409
2020159321212
2000001219362
2300041973348
2300042264490
29562143
8900005571845
29202629
70066370010051
70066406720001
29794445
40054915
8900005554848
40730205
70065116290009
2020159318830
9128034331943
2300042224661
17386603
2000001219904
2300043532475
05072585
40510851
2300044007927
2020142309289
70066166420013
2300041881865
2300043665982
9101000879830
17436730
9128016962882
9177003029688
05073492
2300043805999
9108037215976
70066046050024
2300041334989
9178052781022
05043985
2020159323216
2020158020871
2020159325081
2020158317629
2020158318404
9178050671899
29957426
7779009823691
9120007299946
05128001
2020144462364
3000000485453
3300010387311
70065117920076
70065117920054
2020159322226
2300043705558
2000001220450