70066223690040
41410928
545612
7200001178231
2500111810706
3200001030106
3200001180221
40075697
05017422
41422673
3200001060912
544946
05043378
70065348090012
70066192740003
41432072
70066214010010
70066223690046
70065194880003
41431996
70065784720000
70066176660037
2500176157945
2500162631039
9200002875892
2500168194415
2300043665982
2200001604476
543406
05043985
70065395950008
41505592
9200004873872
545617
2500112345832
3200001056571
70066166420013
70065354310042
21324274
2500175750642
2500177754563
41501662
2500111989754
3200001014847
2500176435050
2500176781300
70061832250005
41492972
70063460060075
70065885990044
2500176360970
70066380510061
540357
9104004343352
70066180780132
29376564
41417786
70066194710030
70066116820057
2500176931248
41503885
70065127140068
2500192015083
539945
05056471
2000005508523
529156
543392
40730205
70065517840228
3100002171320
70066219540034
40562907
544933
70066076160065
2500107410729
2500176842384
9200002872273
3200000987739
70065247730007
70065228890082
2020159338838
2500174026861
3000002346455
70062318110022
9500002197766
9200006186222
41431748
3200001040372
3000000401385
545221
2500170904637
70066219540071
1500000122461
70066406470046
2500180473277
1500000074227
2500173702902
70065228890034
2300041881865
70066214010021
70066406470070
70066095050083
528444
70064290700033
2500168111993
70066219540044
545214
9200004842823
2200001455733
05128001
2500172036596
3300010397501
70066219540146
41521996
70064959860034
9159007854480
70066214010045
41418460
8000000717856
2500113024958
2500174969151
2500173372440
70066309030021
3200001035057
70063841340027
70066219540017
41431774
41492208
05073492
9200006213089
70066223690018
9103006774317
05167933
9141005444091
2020159322226
2500176435425
41432530
545699
70064103150072
543476
70066116820005
3200001035712
70065212630010
70066206110013
9146011178145
41394232
41418463
70066354620034
2500168130017
2000001219362
2200001607934
2500176501885
2500168219590
3200001050876
3200001082228
70066219540060
05158982
1500000122607
2500177825270
9177003029688
2500176127153
545608
41394234
529167
70066198910049
3000000492529
70064959860046
2500175981565
9115016477447
70066175100057
2500176853762
535709
3300008525565
538045
3200001059251
29957424
2500173400952
40387010
40844518
2500176192731
3200001165884
3300010387311
41431969
70066250450070
70066254660047
539962
2500177362485
3200001056601
41491995
2500108887407
3200001077934
05167540
3200001050890
41492553
529032
9200006095791
543441
3200001051125
41429386
70066243290031
543375
70066232750009
2500176192656
05147800
2500177838201
2500174360187
41430561
41431983
70065091740036
05058195
3200001041430
2500169400577
3200001043298
41522012
70066201430050
70066232370135
41429393
9159007891768
3200001060905
41492276
9200006190960
05167536
2500175078760
2500172068696
70065257440034
70065289940041
70064095540059
9128032453647
9200006152746
40856802
542917
70066282720006
2500172124729
41523786
545679
3200001030359
70063893370008
70066264340008
70065407020039
05167313
2500177755362
41394860
70066259670044
2500175027720
70066385350033
41449576
41501313
9141005506379
9154003254838
1400006913844
2500175077930
544908
29370723
41403678
3200001051231
70063234700045
3100002267580
7000037823800000
70066259670046
70061585690039
9200006213102
2500175736776
05185176
3000002649891
3200001033510
41501649
70066194710046
70066214010032
3200001061230
70065391330009
2500176183777
2500176657797
3200001061308
3200001063517
70066192740009
70066219540102
41506230
3200001039703
7200001174462
3200001023016
3200001067355
3200001033824
41492967
70065953480000
2500176183807
2000004805692
70066116820099
9200006190984
3200001046114
3200001036085
2500177698553
539966
70066406720001
05163860
3200001067867
546463
2500177354947
70066377570020
30093634
70063965350011
3000000483701
2500172125221
70066192740005
70066434070030
70064336540061
70066156960002
2500176845866
2020159339026
05163335
2500116934001
41430319
2000004805296
70065459200050
70066321810004
9146011190048
30199852
70066243290051
546454
3200001038416
70066232370005
70065821460019
535961
539005
41492504
3200001024150
543405
544926
41468435
9200006289541
70065440330008
545685
2500176501403
41469806
2300041973348
8000000710642
70066243290029
29124145
41430594
8010000577473
29562143
2500177741525
2500175127246
3200001036696
3200001059541
9128034331943
509627
70065407020050
70066232750006
41422636
2500172148787
41503900
3200001046312
2500172838305
05046014
509657
70066216780033
70065117920054
41506089
30100960
2500111362823
2500170262539
2500176845521
70065407020023
70063893370004
3100002261298
8900005571845
529823
70066214010040
70065257440054
05027003
40406775
39562782
9115018618008
2500175027355
2500168401407
41492168
543612
41394864
2300043805999
543614
2500172725025
70065383390022
3200001017770
2020159321274
70065424270044
05057260
2500175973188
2500177802356
3000002273034
544919
546479
41424157
70065220120039
3200001011853
543424
544936
3000000484852
2500189058789
545202
2500172855548
2500176113965
30118860
2500176361786
2500168186144
545215
3200001041294
3000000284056
70064377710146
70066166420043
70066223690035
545615
2020159321212
9103006793943
2500177780197
70066349310007
2200001607972
70063506330029
2500175300632
9178052781022
41417813
70063165770112
9200002876431
543825
3200001022538
541390
70066232370117
29646932
545212
3000000265321
41523530
70065206370041
70066232370104
9500002202170
2500175461166
3100002214218
2500173814292
2500170697393
2500175087465
513426
544927
05144005
70066235910207
70066354620006
41403625
70066243290013
70066354620010
8010000500877
7000037535160000
2500176523269
2020142408135
2500175857181
3000002649938
3200001064514
70065370770001
3200001040129
41430573
9146011259912
2500175783756
3000000465295
41501584
9200002876080
70064441670007
41432486
3200001043083
2500174013458
9141004114230
529047
2500173239361
70064336540023
545681
70066214010005
3200001060837
2200001601932
8010000614741
70064266370013
70065228890068
9200006133806
3200001043182
2500175995869
9200005876001
2500169487387
2500175750024
2500177705862
3200001077590
2500175003649
543627
39237625
17386603
70066223690022
2000004805562
2500171672429
70063251130151
2500112033111
8010000657311
41506244
41432069
2500173812496
2500174267684
2500174584651
41450084
2020158020871
70065260770120
39908589
2500174335611
2020149836405
41418152
543418
70066239720096
2300043750633
41428562
41430898
70065354310050
8000000709899
2500175861935
9159007493276
28737927
2020159325081
3000002342891
41496617
2500175074991
545209
2500171278423
2500113031482
2500175799641
3100002285089
3200001065146
41160551
524870
70065171540001
8000000709578
543373
70065228890040
70065212770069
2500113322757
70065852130044
41410903
543630
9200004905009
41489908
41427092
2500176521654
3200001065016
3000000484944
3300010388967
30109557
513439
70066249440000
9178050671899
40054915
2300044007927
70066232370183
70066198910002
70065251850021
70066141640001
2500175472070
3000000448533
2500177740214
2500173383255
2500174547564
2500176610990
539966 
2500177225841
70064148530064
3300009484663
9164021246906
41430978
2500172149036
41428565
41446992
70065251850013
2500177363673
41431967
70065251850037
2500176113729
2500175977759
2500113443902
05161800
3200000997516
70065243400079
70066415250003
05174724
05144012
543462
70065396620006
2500176403462
7779008505222
2000004806132
2300043532475
40608647
70065930590011
2500175348054
2500176122929
2500176192687
70065788590004
545454
527275
2500172578140
3200001063845
2500175972761
70066182970008
70065242980063
41469788
3200001064668
70065074520120
8030000671834
70065107100104
41430593
41503896
2500111891729
2500173151588
41429383
2500175861232
70066434070019
40355460
2500174555132
529105
3200001064361
41505622
70063918290044
70064125760074
2000000077192
70066321810010
543481
41427133
70064125760067
8000000689122
70066370010051
2500168112433
70066223690000
70066431230000
70066087690000
70066242000013
05057033
3000000485453
2500180209647
544918
9200005834728
2500173973777
70066243290068
2300042264490
542923
8010000574533
29464046
05173710
2300043527846
3200001064651
70065784720008
9500002144869
41418483
3000000413487
2500175434818
9000000646667
70066407760023
41418474
545452
3000002643073
2500170200685
2500177358143
70066258540000
545645
70065906100015
70066206110009
524683
70063084050019
70065414540018
519182
3000000475300
2500168186069
41450106
3200001063401
70061483080198
2020144462364
3000000265260
2500168265375
70066325090003
2500112288696
3100002073235
41502461
41506204
05161837
41503003
3200001050944
539723
40076654
2500177084400
1500000008659
2500112958773
41417758
70066216780016
545680
3000000492581
70064014570133
70066380510011
9200002876363
2500111776316
2500180556000
29794445
543395
9103006145568
41432450
2500188915205
70066243290022
2200001606180
9146011178206
2300043705558
2500116860454
05056484
2500173933603
41501589
3300008518383
3200001078054
543389
70066406470009
8010000491878
2200001607996
2000001219591
70065742410059
3200001056519
70066232370014
9500002193065
70064551010018
2200001570702
2500174961216
545651
9200004845237
3000000285992
41506076
70066133390000
70065280250021
2500176155910
2500169956531
2500174366837
536629
543477
2500111951140
546451
9200006152692
536545
05072585
2500169443215
41423987
41501374
545443
70064769720018
1500000122515
2200001541733
2500176184200
2500175978596
70064769720047
3200001063647
70065257440077
70066417490078
3200001050241
70065441260068
541432
70065205950026
70066243290073
3300010379279
2500174943403
2200001607705
3000000494004
2020153123560
2500175031499
41521961
514639
70065370770009
05165043
41465461
05170709
540520
41492292
29585979
70065391330014
41410094
9128016962882
70065242850005
41503104
2500175345923
3000002674718
3200001067096
2500171976091
3200001035088
3200001079921
70066289600011
70066146360096
7779009823691
70066259670029
2500175800378
70066209500014
2500177736590
41403662
41505949
2500175043768
2500176122448
3000000484920
3200001036498
41410853
7000037536100000
70065074520086
70066259670007
8010000650688
70065459200023
70065269590097
70066223690029
05035042
2500175475644
40510851
70066175100065
70066239720021
2020158317629
70066259670021
2500177737856
2500175347262
3000000437346
9700020000882
3200001045902
2500175087458
70066210890011
70066179570003
3200001091855
70065784720013
41490666
2500176854745
2020159340343
545676
528952
2500175606758
70066110810003
7779005749957
9178052448826
2500164343237
2500180555614
41501328
70066108410128
2500175812814
3200001041348
545448
41430935
9200004833685
70066254660004
41430994
3000000495858
9146009377673
70066198910025
70066347120034
70066406470060
2500173861395
70066347120021
41418493
544917
05175477
545702
2500111384405
29192518
28758751
70066293180000
2500168450474
70062892550009
41501646
2500173697338
70066216780043
2300042224661
70066239720089
3000002231249
2500105904381
529073
70063249760018
2500112919156
538056
2500175351986
41468399
70066139840010
3200001051552
41469831
545647
3200001042963
2500175091677
2500174319208
545207
9159008021812
2000004807337
70066219540105
70065260770113
70066223690057
2500175972969
543429
3200001078207
4800007197736
41450076
41418143
9146011189998
2020158318404
3100002248244
3200001051026
9200006141764
3200001061063
05056481
525926
543624
41506084
543421
70066264340039
2300038738820
70066182970001
41449564
2500170546875
3200001056656
2020142309289
3200001057165
2500176192601
70065248620048
70066153550025
40856665
2000004603427
2500113134855
2500175745808
29957426
3200001059381
2500176171590
3200001060653
529008
70066067220027
541537
9101000879830
3200001037334
41498904
17436730
2500177811990
2000001220450
3200001011563
05169906
29202629
3300009462357
2500175043669
41427129
41492272
70064095400097
70066156950001
70066250450040
539936
3300009464481
05138519
70066153550034
8000000709691
2500175044284
3200001037099
3100002293145
2500170641617
41428559
70066156950053
70064769720094
41403636
40273245
9108037215976
2500168450801
41492556
41498830
70065212770077
28684205
70065289940045
8900005554848
3200001060721
2500170132474
2500174556771
3200001034135
545692
2500168265238
41490644
30102156
529181
544909
70065212770089
2500176858101
3200001046299
9200005645188
9500002207533
70065540250018
41501617
517307
543377
9200004834705
70066250450015
05041673
70065260770042
545659
2500176114450
41498859
41418105
2500176150304
29191897
2500164669030
545619
70066223690051
8000000717986
2500116879500
2000001219904
2300041334989
2500176656219
543419
70061986570036
545455
70066223690061
70066156960001
8000000710819
2000004603441
2500113852667
2500175058007
3200001054898
516566
544934
70066108410145
3200001050203
544910
517566
538072
70066046050024
05034166
70065082460021
2500177363062
41505736
2500175351009
70065212630005
529021
70066194810012
9146010632259
3100002249326
2020159318830
543465
05048192
41502471
3200001051187
542898
2500175086727
41492178
8000000689139
544941
30227053
70066097310002
9120007299946
9101002527326
3000000290651
05167971
2500171671873
70066146360068
41428566
41506075
9200006044270
538082
2500171422581
41465457
2020159323216
544943
3200001051255
70065116290009
41503907
41466145
3200001042819
41490651
70065370770008
9200006289640
2500111287508
3000000463048
3300010399192
543409
05048222
70066254660030
2500178927928
70066243290003
2500174335550
41523709
70064062910023
3200001078597
2500168422686
2500175300601
70066110810001
30100005
70066147670002
3000000492543
3200001080651
41450132
3200001041058
70066239720037
41495761
70059037510001
41419551
3300009460506
41502467
2500191409401
70066125350000
3200001061179
05048158
2500170811492
543861
70066156950006
70066309030019
544056
70066385350027
05175238
3200001014960
7200001179214
3300009461053
545603
2500169956418
2500188561907
3000000521755
41394865
8000000718044
1500000122478
2200001607590
2500171018951
3300010388295
41523666
9500002011772
2500174111819
3100002240194
70065117920076
3200001043335
70065102340045
2500173151595
41449623
41490689
28791288
41449682
544947
70066106710000
70066219540030
1500000117931
41495744